520 0.0029 0.0000 0.0000
521 0.0013 0.0000 0.0000
522 0.0031 0.0000 0.0000
523 0.0005 0.0000 0.0000
524 0.0003 0.0000 0.0000
525 0.0005 0.0000 0.0000
526 0.0009 0.0000 0.0000
527 0.0030 0.0000 0.0000
528 0.0014 0.0000 0.0000
529 0.0008 0.0000 0.0000
530 0.0021 0.0000 0.0000
531 0.0024 0.0000 0.0000
532 0.0015 0.0000 0.0000
533 0.0014 0.0000 0.0000
534 0.0027 0.0000 0.0000
535 0.0017 0.0000 0.0000
536 0.0018 0.0000 0.0000
537 0.0014 0.0000 0.0000
538 0.0018 0.0000 0.0000
539 0.0042 0.0000 0.0000
540 0.0096 0.0000 0.0000
541 0.0232 0.0000 0.0000
542 0.0605 0.0000 0.0000
543 0.1425 0.0000 0.0000
544 0.2798 0.0000 0.0000
545 0.4742 0.0000 0.0000
546 0.6940 0.0000 0.0000
547 0.8702 0.0000 0.0000
548 0.9548 0.0000 0.0000
549 0.9842 0.0000 0.0000
550 0.9974 0.0000 0.0000
551 1.0000 0.0000 0.0000
552 0.9925 0.0000 0.0000
553 0.9836 0.0000 0.0000
554 0.9773 0.0000 0.0000
555 0.9783 0.0000 0.0000
556 0.9847 0.0000 0.0000
557 0.9904 0.0000 0.0000
558 0.9922 0.0000 0.0000
559 0.9674 0.0000 0.0000
560 0.8926 0.0000 0.0000
561 0.8376 0.0000 0.0000
562 0.8117 0.0000 0.0000
563 0.7413 0.0000 0.0000
564 0.5827 0.0000 0.0000
565 0.3660 0.0000 0.0000
566 0.1774 0.0000 0.0000
567 0.0973 0.0000 0.0000
568 0.0516 0.0000 0.0000
569 0.0249 0.0000 0.0000
570 0.0122 0.0000 0.0000
571 0.0063 0.0000 0.0000
572 0.0037 0.0000 0.0000
573 0.0021 0.0000 0.0000
574 0.0012 0.0000 0.0000
575 0.0008 0.0000 0.0000
576 0.0007 0.0000 0.0000
577 0.0005 0.0000 0.0000
578 0.0007 0.0000 0.0000
579 0.0005 0.0000 0.0000
580 0.0008 0.0000 0.0000
581 0.0005 0.0000 0.0000
582 0.0006 0.0000 0.0000
583 0.0006 0.0000 0.0000
584 0.0003 0.0000 0.0000
585 0.0005 0.0000 0.0000
586 0.0005 0.0000 0.0000
587 0.0002 0.0000 0.0000
588 0.0002 0.0000 0.0000
589 0.0001 0.0000 0.0000
590 0.0003 0.0000 0.0000
591 0.0000 0.0000 0.0000
592 0.0000 0.0000 0.0000
593 0.0000 0.0000 0.0000
594 0.0000 0.0000 0.0000
595 0.0000 0.0000 0.0000
596 0.0000 0.0000 0.0000
597 0.0000 0.0000 0.0000
598 0.0000 0.0000 0.0000
599 0.0000 0.0000 0.0000
600 0.0000 0.0000 0.0000
601 0.0000 0.0000 0.0000
602 0.0000 0.0000 0.0000
603 0.0000 0.0000 0.0000
604 0.0000 0.0000 0.0000
605 0.0000 0.0000 0.0000
606 0.0000 0.0000 0.0000
607 0.0000 0.0000 0.0000
608 0.0000 0.0000 0.0000
609 0.0000 0.0000 0.0000
610 0.0000 0.0000 0.0000
611 0.0000 0.0000 0.0000
612 0.0000 0.0000 0.0000
613 0.0000 0.0000 0.0000
614 0.0000 0.0000 0.0000
615 0.0000 0.0000 0.0000
616 0.0000 0.0000 0.0000
617 0.0000 0.0000 0.0000
618 0.0000 0.0000 0.0000
619 0.0000 0.0006 0.0000
620 0.0000 0.0007 0.0000
621 0.0000 0.0006 0.0000
622 0.0000 0.0005 0.0000
623 0.0000 0.0011 0.0000
624 0.0000 0.0009 0.0000
625 0.0000 0.0010 0.0000
626 0.0000 0.0003 0.0000
627 0.0000 0.0005 0.0000
628 0.0000 0.0005 0.0000
629 0.0000 0.0006 0.0000
630 0.0000 0.0005 0.0000
631 0.0000 0.0010 0.0000
632 0.0000 0.0008 0.0000
633 0.0000 0.0004 0.0000
634 0.0000 0.0004 0.0000
635 0.0000 0.0009 0.0000
636 0.0000 0.0006 0.0000
637 0.0000 0.0007 0.0000
638 0.0000 0.0009 0.0000
639 0.0000 0.0006 0.0000
640 0.0000 0.0005 0.0000
641 0.0000 0.0007 0.0000
642 0.0000 0.0009 0.0000
643 0.0000 0.0008 0.0000
644 0.0000 0.0022 0.0000
645 0.0000 0.0053 0.0000
646 0.0000 0.0150 0.0000
647 0.0000 0.0414 0.0000
648 0.0000 0.1005 0.0000
649 0.0000 0.2317 0.0000
650 0.0000 0.4207 0.0000
651 0.0000 0.6680 0.0000
652 0.0000 0.8742 0.0000
653 0.0000 0.9464 0.0000
654 0.0000 0.9554 0.0000
655 0.0000 0.9697 0.0000
656 0.0000 0.9881 0.0000
657 0.0000 0.9978 0.0000
658 0.0000 0.9997 0.0000
659 0.0000 0.9975 0.0000
660 0.0000 0.9964 0.0000
661 0.0000 0.9903 0.0000
662 0.0000 0.9821 0.0000
663 0.0000 0.9811 0.0000
664 0.0000 0.9844 0.0000
665 0.0000 0.9860 0.0000
666 0.0000 0.9728 0.0000
667 0.0000 0.9178 0.0000
668 0.0000 0.8119 0.0000
669 0.0000 0.6331 0.0000
670 0.0000 0.3871 0.0000
671 0.0000 0.1932 0.0000
672 0.0000 0.0776 0.0000
673 0.0000 0.0328 0.0000
674 0.0000 0.0159 0.0000
675 0.0000 0.0073 0.0000
676 0.0000 0.0040 0.0000
677 0.0000 0.0018 0.0000
678 0.0000 0.0015 0.0000
679 0.0000 0.0007 0.0000
680 0.0000 0.0003 0.0000
681 0.0000 0.0002 0.0000
682 0.0000 0.0004 0.0000
683 0.0000 0.0005 0.0000
684 0.0000 0.0001 0.0000
685 0.0000 0.0006 0.0000
686 0.0000 0.0007 0.0000
687 0.0000 0.0005 0.0000
688 0.0000 0.0007 0.0000
689 0.0000 0.0004 0.0000
690 0.0000 0.0004 0.0000
691 0.0000 0.0000 0.0000
692 0.0000 0.0004 0.0000
693 0.0000 0.0002 0.0000
694 0.0000 0.0003 0.0000
695 0.0000 0.0003 0.0000
696 0.0000 0.0004 0.0000
697 0.0000 0.0006 0.0000
698 0.0000 0.0005 0.0000
699 0.0000 0.0005 0.0000
700 0.0000 0.0000 0.0000
701 0.0000 0.0000 0.0000
702 0.0000 0.0000 0.0000
703 0.0000 0.0000 0.0000
704 0.0000 0.0000 0.0000
705 0.0000 0.0000 0.0000
706 0.0000 0.0000 0.0000
707 0.0000 0.0000 0.0000
708 0.0000 0.0000 0.0000
709 0.0000 0.0000 0.0000
710 0.0000 0.0000 0.0000
711 0.0000 0.0000 0.0000
712 0.0000 0.0000 0.0000
713 0.0000 0.0000 0.0000
714 0.0000 0.0000 0.0000
715 0.0000 0.0000 0.0000
716 0.0000 0.0000 0.0000
717 0.0000 0.0000 0.0000
718 0.0000 0.0000 0.0000
719 0.0000 0.0000 0.0000
720 0.0000 0.0000 0.0000
721 0.0000 0.0000 0.0000
722 0.0000 0.0000 0.0000
723 0.0000 0.0000 0.0000
724 0.0000 0.0000 0.0000
725 0.0000 0.0000 0.0000
726 0.0000 0.0000 0.0000
727 0.0000 0.0000 0.0000
728 0.0000 0.0000 0.0000
729 0.0000 0.0000 0.0000
730 0.0000 0.0000 0.0000
731 0.0000 0.0000 0.0000
732 0.0000 0.0000 0.0000
733 0.0000 0.0000 0.0000
734 0.0000 0.0000 0.0000
735 0.0000 0.0000 0.0000
736 0.0000 0.0000 0.0000
737 0.0000 0.0000 0.0000
738 0.0000 0.0000 0.0000
739 0.0000 0.0000 0.0000
740 0.0000 0.0000 0.0000
741 0.0000 0.0000 0.0000
742 0.0000 0.0000 0.0000
743 0.0000 0.0000 0.0000
744 0.0000 0.0000 0.0000
745 0.0000 0.0000 0.0000
746 0.0000 0.0000 0.0000
747 0.0000 0.0000 0.0000
748 0.0000 0.0000 0.0000
749 0.0000 0.0000 0.0000
750 0.0000 0.0000 0.0000
751 0.0000 0.0000 0.0000
752 0.0000 0.0000 0.0000
753 0.0000 0.0000 0.0000
754 0.0000 0.0000 0.0000
755 0.0000 0.0000 0.0000
756 0.0000 0.0000 0.0000
757 0.0000 0.0000 0.0000
758 0.0000 0.0000 0.0000
759 0.0000 0.0000 0.0000
760 0.0000 0.0000 0.0000
761 0.0000 0.0000 0.0000
762 0.0000 0.0000 0.0000
763 0.0000 0.0000 0.0000
764 0.0000 0.0000 0.0000
765 0.0000 0.0000 0.0000
766 0.0000 0.0000 0.0000
767 0.0000 0.0000 0.0000
768 0.0000 0.0000 0.0000
769 0.0000 0.0000 0.0000
770 0.0000 0.0000 0.0000
771 0.0000 0.0000 0.0000
772 0.0000 0.0000 0.0000
773 0.0000 0.0000 0.0000
774 0.0000 0.0000 0.0000
775 0.0000 0.0000 0.0000
776 0.0000 0.0000 0.0000
777 0.0000 0.0000 0.0000
778 0.0000 0.0000 0.0000
779 0.0000 0.0000 0.0000
780 0.0000 0.0000 0.0000
781 0.0000 0.0000 0.0000
782 0.0000 0.0000 0.0000
783 0.0000 0.0000 0.0000
784 0.0000 0.0000 0.0000
785 0.0000 0.0000 0.0000
786 0.0000 0.0000 0.0000
787 0.0000 0.0000 0.0000
788 0.0000 0.0000 0.0000
789 0.0000 0.0000 0.0000
790 0.0000 0.0000 0.0000
791 0.0000 0.0000 0.0000
792 0.0000 0.0000 0.0000
793 0.0000 0.0000 0.0000
794 0.0000 0.0000 0.0000
795 0.0000 0.0000 0.0000
796 0.0000 0.0000 0.0000
797 0.0000 0.0000 0.0000
798 0.0000 0.0000 0.0000
799 0.0000 0.0000 0.0000
800 0.0000 0.0000 0.0000
801 0.0000 0.0000 0.0000
802 0.0000 0.0000 0.0000
803 0.0000 0.0000 0.0000
804 0.0000 0.0000 0.0000
805 0.0000 0.0000 0.0000
806 0.0000 0.0000 0.0000
807 0.0000 0.0000 0.0000
808 0.0000 0.0000 0.0000
809 0.0000 0.0000 0.0000
810 0.0000 0.0000 0.0000
811 0.0000 0.0000 0.0000
812 0.0000 0.0000 0.0000
813 0.0000 0.0000 0.0000
814 0.0000 0.0000 0.0000
815 0.0000 0.0000 0.0000
816 0.0000 0.0000 0.0000
817 0.0000 0.0000 0.0000
818 0.0000 0.0000 0.0000
819 0.0000 0.0000 0.0000
820 0.0000 0.0000 0.0000
821 0.0000 0.0000 0.0000
822 0.0000 0.0000 0.0000
823 0.0000 0.0000 0.0000
824 0.0000 0.0000 0.0000
825 0.0000 0.0000 0.0025
826 0.0000 0.0000 0.0026
827 0.0000 0.0000 0.0019
828 0.0000 0.0000 0.0017
829 0.0000 0.0000 0.0018
830 0.0000 0.0000 0.0015
831 0.0000 0.0000 0.0013
832 0.0000 0.0000 0.0007
833 0.0000 0.0000 0.0006
834 0.0000 0.0000 0.0007
835 0.0000 0.0000 0.0010
836 0.0000 0.0000 0.0007
837 0.0000 0.0000 0.0005
838 0.0000 0.0000 0.0003
839 0.0000 0.0000 0.0005
840 0.0000 0.0000 0.0007
841 0.0000 0.0000 0.0008
842 0.0000 0.0000 0.0005
843 0.0000 0.0000 0.0005
844 0.0000 0.0000 0.0009
845 0.0000 0.0000 0.0009
846 0.0000 0.0000 0.0012
847 0.0000 0.0000 0.0011
848 0.0000 0.0000 0.0015
849 0.0000 0.0000 0.0015
850 0.0000 0.0000 0.0020
851 0.0000 0.0000 0.0034
852 0.0000 0.0000 0.0074
853 0.0000 0.0000 0.0158
854 0.0000 0.0000 0.0347
855 0.0000 0.0000 0.0691
856 0.0000 0.0000 0.1516
857 0.0000 0.0000 0.2681
858 0.0000 0.0000 0.4590
859 0.0000 0.0000 0.7148
860 0.0000 0.0000 0.8879
861 0.0000 0.0000 0.9847
862 0.0000 0.0000 0.9996
863 0.0000 0.0000 0.9986
864 0.0000 0.0000 0.9969
865 0.0000 0.0000 0.9961
866 0.0000 0.0000 0.9939
867 0.0000 0.0000 0.9887
868 0.0000 0.0000 0.9760
869 0.0000 0.0000 0.9506
870 0.0000 0.0000 0.9069
871 0.0000 0.0000 0.8860
872 0.0000 0.0000 0.8911
873 0.0000 0.0000 0.9182
874 0.0000 0.0000 0.9373
875 0.0000 0.0000 0.9360
876 0.0000 0.0000 0.9032
877 0.0000 0.0000 0.8296
878 0.0000 0.0000 0.6770
879 0.0000 0.0000 0.4604
880 0.0000 0.0000 0.2372
881 0.0000 0.0000 0.1129
882 0.0000 0.0000 0.0562
883 0.0000 0.0000 0.0267
884 0.0000 0.0000 0.0127
885 0.0000 0.0000 0.0069
886 0.0000 0.0000 0.0041
887 0.0000 0.0000 0.0020
888 0.0000 0.0000 0.0015
889 0.0000 0.0000 0.0014
890 0.0000 0.0000 0.0010
891 0.0000 0.0000 0.0006
892 0.0000 0.0000 0.0004
893 0.0000 0.0000 0.0005
894 0.0000 0.0000 0.0006
895 0.0000 0.0000 0.0004
896 0.0000 0.0000 0.0003
897 0.0000 0.0000 0.0003
898 0.0000 0.0000 0.0001
899 0.0000 0.0000 0.0002
900 0.0000 0.0000 0.0002
901 0.0000 0.0000 0.0001
902 0.0000 0.0000 0.0002
903 0.0000 0.0000 0.0000
904 0.0000 0.0000 0.0000
905 0.0000 0.0000 0.0001
